0 0.344531 0.888281 0.014063 0.057813
0 0.364063 0.750781 0.015625 0.139063
0 0.342187 0.975781 0.012500 0.039062
0 0.285156 0.674219 0.020313 0.032813
0 0.375781 0.675781 0.026562 0.035937
2 0.385937 0.600781 0.025000 0.120313
0 0.403125 0.885938 0.037500 0.221875
0 0.328906 0.793750 0.010937 0.053125
0 0.175781 0.661719 0.135937 0.123438
0 0.057813 0.760156 0.090625 0.085938
0 0.442969 0.973437 0.014063 0.046875
0 0.371875 0.863281 0.028125 0.060937
0 0.278125 0.571094 0.062500 0.054688
0 0.103125 0.894531 0.031250 0.045312
0 0.154688 0.793750 0.037500 0.031250
0 0.403125 0.685156 0.009375 0.057813
