0 0.285938 0.871875 0.050000 0.246875
0 0.592969 0.939844 0.051562 0.114062
0 0.250000 0.933594 0.018750 0.126562
0 0.189844 0.649219 0.064062 0.064062
0 0.486719 0.655469 0.035937 0.092188
0 0.360156 0.615625 0.045312 0.106250
0 0.425781 0.894531 0.048438 0.210938
0 0.630469 0.890625 0.057813 0.081250
0 0.432031 0.658594 0.054688 0.264062
0 0.513281 0.811719 0.079687 0.201563
0 0.049219 0.817969 0.095312 0.101562
0 0.486719 0.902344 0.067187 0.192188
0 0.139844 0.933594 0.054688 0.089063
0 0.208594 0.919531 0.054688 0.148438
0 0.308594 0.703125 0.076563 0.178125
