0 0.338281 0.656250 0.010937 0.015625
1 0.412500 0.640625 0.075000 0.012500
0 0.317969 0.688281 0.026562 0.039062
0 0.456250 0.722656 0.025000 0.126562
1 0.401562 0.613281 0.037500 0.007812
0 0.219531 0.661719 0.054688 0.039062
0 0.351562 0.635938 0.012500 0.025000
0 0.448437 0.630469 0.012500 0.045312
0 0.145313 0.980469 0.025000 0.032813
1 0.303125 0.711719 0.128125 0.020313
1 0.300781 0.632812 0.079687 0.012500
1 0.263281 0.663281 0.135937 0.014063
1 0.425000 0.621875 0.050000 0.006250
1 0.147656 0.722656 0.182812 0.007812
1 0.390625 0.660156 0.118750 0.017188
0 0.226562 0.849219 0.125000 0.235937
0 0.375781 0.682813 0.020313 0.040625
0 0.298438 0.732812 0.015625 0.025000
