0 0.460156 0.718750 0.010937 0.065625
0 0.406250 0.614844 0.031250 0.070312
0 0.260937 0.636719 0.018750 0.045312
0 0.057031 0.939844 0.107813 0.114062
0 0.414062 0.688281 0.015625 0.023438
0 0.519531 0.871094 0.092188 0.251563
1 0.422656 0.753125 0.057813 0.018750
0 0.341406 0.829688 0.060937 0.331250
0 0.107031 0.831250 0.048438 0.059375
0 0.258594 0.743750 0.042188 0.059375
0 0.393750 0.879687 0.037500 0.231250
1 0.171875 0.860156 0.271875 0.067187
0 0.046875 0.845313 0.040625 0.065625
2 0.358594 0.576562 0.026562 0.037500
0 0.155469 0.930469 0.076563 0.129688
0 0.256250 0.687500 0.046875 0.037500
0 0.376563 0.626563 0.015625 0.062500
