0 0.614844 0.946875 0.064062 0.090625
0 0.202344 0.658594 0.117188 0.101562
0 0.375000 0.650781 0.009375 0.023438
0 0.569531 0.942969 0.051562 0.101562
0 0.199219 0.678906 0.132812 0.117188
0 0.364063 0.589844 0.009375 0.023438
0 0.169531 0.852344 0.154688 0.285938
0 0.334375 0.637500 0.025000 0.040625
0 0.292969 0.674219 0.017188 0.032813
0 0.328125 0.589844 0.009375 0.017188
0 0.545312 0.878906 0.081250 0.107813
0 0.068750 0.802344 0.137500 0.132812
0 0.323437 0.612500 0.018750 0.034375
0 0.283594 0.603125 0.020313 0.028125
0 0.533594 0.795312 0.039062 0.106250
0 0.445312 0.846875 0.112500 0.290625
2 0.412500 0.623437 0.062500 0.115625
