0 0.464844 0.741406 0.039062 0.082812
0 0.437500 0.662500 0.015625 0.012500
0 0.449219 0.555469 0.004687 0.007812
0 0.475000 0.647656 0.012500 0.032813
0 0.273438 0.658594 0.009375 0.017188
0 0.097656 0.771875 0.060937 0.071875
0 0.395313 0.714844 0.043750 0.148438
0 0.464062 0.607031 0.009375 0.017188
0 0.242969 0.700000 0.039062 0.068750
0 0.268750 0.886719 0.040625 0.139063
0 0.472656 0.878906 0.067187 0.239063
0 0.347656 0.627344 0.032813 0.026562
0 0.168750 0.719531 0.037500 0.039062
0 0.469531 0.681250 0.020313 0.043750
0 0.285938 0.669531 0.003125 0.010937
0 0.381250 0.585156 0.025000 0.020313
1 0.258594 0.716406 0.026562 0.010937
0 0.543750 0.783594 0.081250 0.157812
0 0.407031 0.599219 0.007812 0.017188
0 0.414844 0.785156 0.045312 0.045312
0 0.206250 0.691406 0.018750 0.026562
0 0.228906 0.787500 0.029687 0.115625
