0 0.290625 0.657031 0.078125 0.145313
0 0.464844 0.974219 0.020313 0.048438
0 0.085156 0.813281 0.170313 0.114062
0 0.447656 0.680469 0.007812 0.026562
0 0.408594 0.546875 0.004687 0.025000
0 0.491406 0.857031 0.082812 0.285938
0 0.438281 0.904687 0.026562 0.153125
1 0.283594 0.771875 0.114062 0.081250
0 0.396094 0.545312 0.004687 0.021875
0 0.126562 0.953906 0.050000 0.082812
2 0.403906 0.512500 0.014063 0.046875
0 0.358594 0.535937 0.010937 0.034375
0 0.415625 0.585156 0.012500 0.054688
0 0.427344 0.655469 0.051562 0.126562
