0 0.431250 0.558594 0.031250 0.035937
0 0.167187 0.942187 0.056250 0.115625
1 0.242969 0.652344 0.067187 0.010937
0 0.429688 0.613281 0.015625 0.029687
0 0.374219 0.616406 0.020313 0.020313
0 0.396094 0.649219 0.026562 0.026562
0 0.114062 0.772656 0.228125 0.179688
0 0.417187 0.589063 0.040625 0.031250
1 0.187500 0.816406 0.031250 0.007812
0 0.383594 0.589844 0.032813 0.029687
0 0.221094 0.666406 0.048438 0.026562
1 0.377344 0.844531 0.301563 0.067187
0 0.392969 0.692187 0.014063 0.059375
0 0.290625 0.642188 0.131250 0.081250
0 0.459375 0.924219 0.050000 0.151562
0 0.392969 0.625000 0.014063 0.018750
0 0.440625 0.746094 0.028125 0.182812
