0 0.124219 0.770312 0.010937 0.015625
1 0.413281 0.853906 0.170313 0.048438
0 0.434375 0.854688 0.059375 0.281250
0 0.198437 0.662500 0.071875 0.071875
0 0.101562 0.746875 0.068750 0.065625
0 0.287500 0.602344 0.006250 0.010937
0 0.377344 0.598437 0.014063 0.021875
1 0.197656 0.925000 0.060937 0.025000
0 0.159375 0.735156 0.040625 0.064062
0 0.296094 0.591406 0.007812 0.010937
0 0.370312 0.579688 0.012500 0.015625
0 0.063281 0.836719 0.123438 0.104688
0 0.391406 0.646094 0.014063 0.060937
0 0.317188 0.800781 0.134375 0.379688
