0 0.425781 0.679688 0.017188 0.065625
1 0.081250 0.872656 0.159375 0.020313
0 0.460156 0.812500 0.048438 0.190625
0 0.431250 0.981250 0.009375 0.028125
0 0.207031 0.871094 0.039062 0.073438
0 0.405469 0.651563 0.014063 0.028125
0 0.403906 0.860156 0.023438 0.248438
0 0.139844 0.914844 0.095312 0.164062
1 0.517969 0.957031 0.067187 0.051562
0 0.387500 0.603906 0.015625 0.060937
1 0.303906 0.891406 0.189062 0.026562
0 0.307031 0.691406 0.032813 0.045312
1 0.520312 0.892969 0.040625 0.045312
0 0.266406 0.605469 0.017188 0.017188
0 0.344531 0.822656 0.023438 0.101562
1 0.493750 0.808594 0.053125 0.029687
0 0.020313 0.803125 0.031250 0.037500
0 0.099219 0.760938 0.032813 0.034375
0 0.230469 0.632031 0.032813 0.035937
0 0.282813 0.675000 0.031250 0.056250
0 0.318750 0.613281 0.021875 0.029687
0 0.237500 0.916406 0.053125 0.160938
0 0.357031 0.696875 0.017188 0.084375
0 0.439844 0.677344 0.020313 0.048438
1 0.074219 0.822656 0.148438 0.035937
1 0.447656 0.955469 0.070312 0.032813
0 0.407813 0.690625 0.018750 0.040625
0 0.305469 0.746875 0.026562 0.040625
1 0.060156 0.940625 0.120313 0.025000
