0 0.355469 0.741406 0.014063 0.076563
0 0.705469 0.682813 0.042188 0.037500
0 0.606250 0.591406 0.046875 0.035937
0 0.282813 0.658594 0.025000 0.035937
0 0.524219 0.620313 0.014063 0.018750
1 0.582031 0.635156 0.085938 0.007812
0 0.459375 0.642969 0.028125 0.070312
2 0.839844 0.868750 0.310937 0.256250
3 0.735156 0.709375 0.023438 0.025000
1 0.174219 0.712500 0.029687 0.046875
0 0.346875 0.559375 0.021875 0.021875
1 0.137500 0.945312 0.271875 0.106250
1 0.231250 0.777344 0.243750 0.045312
0 0.367188 0.575000 0.006250 0.012500
0 0.334375 0.943750 0.028125 0.037500
0 0.609375 0.614062 0.012500 0.028125
0 0.406250 0.659375 0.009375 0.028125
0 0.649219 0.631250 0.020313 0.021875
0 0.350000 0.842187 0.015625 0.096875
1 0.407813 0.900000 0.328125 0.053125
0 0.101562 0.912500 0.025000 0.031250
1 0.633594 0.864844 0.095312 0.029687
0 0.189844 0.655469 0.054688 0.051562
0 0.263281 0.645312 0.010937 0.028125
0 0.491406 0.629687 0.023438 0.043750
1 0.407813 0.579688 0.046875 0.018750
0 0.544531 0.668750 0.032813 0.056250
2 0.625000 0.772656 0.115625 0.148438
0 0.248438 0.624219 0.012500 0.023438
1 0.246094 0.741406 0.114062 0.017188
