0 0.190625 0.764062 0.131250 0.121875
0 0.226562 0.649219 0.056250 0.039062
0 0.043750 0.914844 0.081250 0.120313
0 0.299219 0.818750 0.101562 0.356250
0 0.057031 0.839844 0.110937 0.067187
0 0.180469 0.664062 0.045312 0.053125
0 0.240625 0.594531 0.062500 0.054688
0 0.349219 0.891406 0.064062 0.154688
0 0.381250 0.966406 0.028125 0.064062
0 0.442188 0.688281 0.056250 0.082812
0 0.228906 0.795312 0.070312 0.125000
0 0.037500 0.768750 0.071875 0.065625
0 0.339844 0.610156 0.073438 0.048438
0 0.447656 0.899219 0.054688 0.192188
0 0.119531 0.783594 0.045312 0.035937
0 0.104688 0.725781 0.087500 0.079687
3 0.547656 0.852344 0.120313 0.229687
0 0.168750 0.935156 0.046875 0.104688
