0 0.249219 0.640625 0.064062 0.071875
1 0.431250 0.675781 0.087500 0.014063
0 0.319531 0.831250 0.064062 0.325000
0 0.161719 0.657031 0.060937 0.035937
0 0.015625 0.770312 0.028125 0.028125
0 0.110937 0.693750 0.034375 0.031250
0 0.299219 0.592187 0.007812 0.009375
0 0.142969 0.721094 0.089063 0.082812
0 0.382031 0.632812 0.023438 0.068750
0 0.372656 0.717969 0.026562 0.098437
0 0.389844 0.525000 0.010937 0.021875
0 0.335156 0.632812 0.017188 0.056250
0 0.063281 0.731250 0.067187 0.053125
0 0.061719 0.791406 0.073438 0.060937
