0 0.417969 0.647656 0.017188 0.067187
0 0.460938 0.636719 0.006250 0.020313
0 0.381250 0.613281 0.034375 0.120313
0 0.447656 0.906250 0.020313 0.175000
0 0.227344 0.762500 0.023438 0.037500
0 0.431250 0.556250 0.003125 0.009375
0 0.431250 0.728125 0.021875 0.121875
0 0.413281 0.539844 0.010937 0.020313
0 0.244531 0.614844 0.035937 0.026562
1 0.413281 0.614844 0.045312 0.007812
0 0.466406 0.897656 0.017188 0.039062
0 0.423438 0.556250 0.006250 0.015625
0 0.414062 0.569531 0.009375 0.045312
0 0.435937 0.597656 0.018750 0.023438
0 0.320312 0.632812 0.018750 0.031250
0 0.442969 0.734375 0.004687 0.043750
0 0.203125 0.646875 0.025000 0.028125
0 0.406250 0.790625 0.009375 0.078125
0 0.453906 0.792969 0.010937 0.076563
