0 0.424219 0.575000 0.004687 0.012500
0 0.360938 0.582031 0.018750 0.029687
0 0.325000 0.652344 0.012500 0.023438
0 0.425000 0.548438 0.003125 0.006250
0 0.265625 0.616406 0.009375 0.017188
1 0.444531 0.602344 0.032813 0.004687
0 0.403125 0.650000 0.028125 0.037500
1 0.371875 0.680469 0.171875 0.035937
3 0.435156 0.624219 0.020313 0.014063
0 0.383594 0.549219 0.007812 0.010937
0 0.375000 0.594531 0.006250 0.014063
0 0.425781 0.653125 0.017188 0.037500
1 0.419531 0.563281 0.026562 0.004687
1 0.300781 0.632031 0.023438 0.007812
0 0.455469 0.678906 0.014063 0.032813
1 0.410938 0.611719 0.068750 0.020313
2 0.340625 0.560937 0.015625 0.018750
