1 0.378125 0.678906 0.165625 0.023438
0 0.160156 0.685156 0.035937 0.039062
0 0.310937 0.547656 0.009375 0.070312
0 0.389062 0.675000 0.021875 0.081250
2 0.324219 0.546875 0.014063 0.056250
2 0.296094 0.637500 0.054688 0.109375
0 0.209375 0.620313 0.071875 0.081250
0 0.478906 0.728906 0.032813 0.079687
2 0.377344 0.599219 0.032813 0.073438
0 0.271875 0.542188 0.006250 0.025000
0 0.407031 0.802344 0.048438 0.176563
0 0.080469 0.810937 0.157812 0.190625
0 0.139063 0.687500 0.037500 0.043750
2 0.355469 0.544531 0.020313 0.029687
