0 0.303125 0.604688 0.021875 0.021875
0 0.164062 0.925781 0.075000 0.135937
1 0.365625 0.588281 0.175000 0.010937
1 0.277344 0.858594 0.551562 0.039062
0 0.418750 0.547656 0.012500 0.026562
0 0.438281 0.738281 0.004687 0.023438
0 0.429688 0.563281 0.003125 0.004687
0 0.325000 0.663281 0.031250 0.045312
0 0.369531 0.550781 0.026562 0.010937
0 0.360938 0.603906 0.018750 0.014063
1 0.198437 0.692187 0.096875 0.015625
3 0.262500 0.775781 0.021875 0.023438
0 0.431250 0.588281 0.015625 0.045312
0 0.429688 0.555469 0.015625 0.014063
0 0.419531 0.697656 0.017188 0.051562
0 0.332031 0.585156 0.032813 0.014063
0 0.428125 0.646875 0.021875 0.040625
0 0.157812 0.714063 0.025000 0.034375
0 0.192969 0.675781 0.035937 0.029687
