0 0.335938 0.921094 0.034375 0.154688
0 0.372656 0.601562 0.014063 0.046875
0 0.204687 0.660156 0.031250 0.029687
1 0.328906 0.706250 0.070312 0.021875
1 0.224219 0.709375 0.057813 0.021875
0 0.385937 0.981250 0.015625 0.034375
0 0.342969 0.586719 0.010937 0.020313
0 0.415625 0.619531 0.012500 0.023438
0 0.183594 0.851562 0.170313 0.287500
0 0.413281 0.591406 0.010937 0.017188
1 0.426563 0.725781 0.134375 0.026562
0 0.410156 0.553125 0.026562 0.043750
0 0.337500 0.639844 0.018750 0.039062
0 0.404687 0.600000 0.015625 0.028125
0 0.398438 0.739062 0.015625 0.068750
0 0.281250 0.598437 0.009375 0.012500
