0 0.224219 0.843750 0.064062 0.140625
1 0.461719 0.871094 0.082812 0.057813
0 0.171094 0.704688 0.054688 0.040625
0 0.445312 0.687500 0.012500 0.040625
1 0.203125 0.707031 0.075000 0.023438
1 0.346094 0.588281 0.020313 0.007812
0 0.385937 0.628125 0.015625 0.028125
1 0.446094 0.723437 0.057813 0.028125
1 0.360156 0.682813 0.132812 0.046875
1 0.418750 0.612500 0.031250 0.018750
0 0.516406 0.942187 0.032813 0.103125
0 0.375781 0.892969 0.029687 0.204687
0 0.267969 0.743750 0.054688 0.081250
0 0.422656 0.796094 0.042188 0.101562
1 0.353906 0.769531 0.064062 0.017188
1 0.151562 0.767188 0.165625 0.071875
1 0.265625 0.654687 0.228125 0.031250
1 0.241406 0.685156 0.104688 0.014063
