1 0.271094 0.739062 0.067187 0.018750
2 0.325781 0.725781 0.051562 0.117188
0 0.172656 0.747656 0.110937 0.110937
0 0.248438 0.942187 0.031250 0.103125
0 0.282813 0.606250 0.012500 0.037500
0 0.066406 0.941406 0.070312 0.104688
0 0.332813 0.650000 0.025000 0.037500
0 0.044531 0.803125 0.082812 0.059375
1 0.292969 0.682031 0.060937 0.014063
0 0.304688 0.618750 0.009375 0.021875
3 0.169531 0.889062 0.060937 0.109375
0 0.245312 0.670312 0.034375 0.040625
0 0.281250 0.646094 0.012500 0.039062
0 0.131250 0.718750 0.106250 0.090625
