1 0.278906 0.691406 0.282813 0.032813
0 0.360156 0.596875 0.004687 0.015625
0 0.374219 0.596875 0.026562 0.025000
0 0.324219 0.569531 0.007812 0.007812
0 0.346875 0.581250 0.028125 0.012500
0 0.335938 0.607812 0.043750 0.012500
0 0.278906 0.567969 0.023438 0.020313
3 0.268750 0.663281 0.025000 0.020313
0 0.407813 0.659375 0.031250 0.037500
0 0.376563 0.632031 0.025000 0.045312
0 0.285938 0.675781 0.006250 0.010937
0 0.375781 0.723437 0.014063 0.034375
0 0.285156 0.607031 0.017188 0.017188
0 0.335938 0.572656 0.009375 0.004687
0 0.311719 0.605469 0.004687 0.014063
2 0.443750 0.680469 0.040625 0.042188
0 0.252344 0.603906 0.010937 0.017188
0 0.353125 0.719531 0.009375 0.035937
0 0.255469 0.618750 0.004687 0.009375
0 0.197656 0.930469 0.048438 0.073438
2 0.106250 0.710938 0.065625 0.037500
0 0.251563 0.586719 0.006250 0.014063
