0 0.378125 0.641406 0.015625 0.082812
0 0.086719 0.977344 0.054688 0.039062
0 0.314063 0.604688 0.018750 0.065625
0 0.199219 0.854688 0.126562 0.175000
0 0.281250 0.636719 0.028125 0.026562
0 0.375000 0.579688 0.034375 0.081250
0 0.310937 0.709375 0.031250 0.075000
0 0.332813 0.544531 0.015625 0.051562
0 0.343750 0.770312 0.018750 0.078125
0 0.380469 0.839063 0.026562 0.312500
0 0.326562 0.793750 0.112500 0.240625
0 0.200000 0.823438 0.040625 0.087500
0 0.290625 0.583594 0.009375 0.029687
0 0.325781 0.624219 0.045312 0.110937
0 0.145313 0.796094 0.215625 0.298438
