0 0.110156 0.900000 0.095312 0.106250
2 0.339062 0.792188 0.031250 0.096875
0 0.188281 0.695312 0.117188 0.084375
0 0.115625 0.769531 0.062500 0.060937
0 0.449219 0.925000 0.026562 0.093750
0 0.392188 0.648438 0.012500 0.053125
0 0.304688 0.637500 0.056250 0.131250
0 0.267969 0.690625 0.039062 0.071875
0 0.365625 0.625000 0.031250 0.068750
0 0.360938 0.703125 0.021875 0.071875
0 0.414844 0.725781 0.029687 0.064062
0 0.039844 0.820312 0.079687 0.084375
1 0.408594 0.800781 0.101562 0.076563
1 0.392188 0.722656 0.040625 0.023438
