0 0.307031 0.789062 0.023438 0.121875
0 0.274219 0.678125 0.010937 0.065625
0 0.410938 0.573438 0.021875 0.050000
0 0.096094 0.741406 0.051562 0.035937
0 0.409375 0.711719 0.006250 0.032813
1 0.373437 0.731250 0.115625 0.015625
0 0.203906 0.651563 0.042188 0.040625
0 0.239844 0.931250 0.129688 0.134375
0 0.427344 0.765625 0.014063 0.059375
0 0.018750 0.804688 0.037500 0.046875
0 0.424219 0.972656 0.032813 0.042188
0 0.202344 0.755469 0.026562 0.042188
1 0.052344 0.766406 0.064062 0.020313
1 0.281250 0.864062 0.550000 0.062500
