0 0.388281 0.692969 0.020313 0.073438
0 0.382812 0.616406 0.012500 0.073438
0 0.075000 0.709375 0.150000 0.134375
1 0.347656 0.685937 0.060937 0.053125
0 0.307031 0.964063 0.051562 0.059375
0 0.304688 0.558594 0.009375 0.026562
0 0.342187 0.578906 0.025000 0.060937
0 0.339844 0.628906 0.014063 0.051562
0 0.310156 0.643750 0.014063 0.062500
0 0.041406 0.719531 0.026562 0.029687
0 0.190625 0.853125 0.050000 0.140625
0 0.230469 0.758594 0.026562 0.048438
0 0.228125 0.590625 0.037500 0.028125
0 0.185938 0.622656 0.031250 0.035937
0 0.247656 0.664844 0.079687 0.129688
0 0.363281 0.659375 0.007812 0.053125
0 0.380469 0.564063 0.014063 0.046875
0 0.303906 0.596875 0.020313 0.018750
0 0.257031 0.566406 0.010937 0.023438
0 0.451562 0.889062 0.050000 0.215625
0 0.296875 0.655469 0.006250 0.029687
0 0.410156 0.800000 0.035937 0.168750
0 0.278125 0.557813 0.012500 0.012500
0 0.332813 0.517969 0.006250 0.014063
0 0.285938 0.701562 0.046875 0.053125
