3 0.354687 0.619531 0.018750 0.007812
2 0.401562 0.578125 0.059375 0.028125
3 0.538281 0.849219 0.039062 0.060937
0 0.140625 0.725781 0.065625 0.051562
3 0.417969 0.755469 0.026562 0.020313
2 0.257812 0.878125 0.234375 0.243750
3 0.332813 0.575781 0.021875 0.007812
3 0.403125 0.567187 0.009375 0.006250
3 0.354687 0.593750 0.025000 0.009375
0 0.140625 0.753906 0.009375 0.010937
3 0.424219 0.926562 0.073438 0.140625
3 0.354687 0.612500 0.025000 0.006250
2 0.421094 0.664844 0.089063 0.101562
3 0.369531 0.571875 0.035937 0.012500
