0 0.045312 0.810156 0.090625 0.098437
0 0.357031 0.575000 0.017188 0.031250
0 0.225000 0.648438 0.053125 0.043750
0 0.322656 0.624219 0.017188 0.026562
2 0.414844 0.543750 0.035937 0.034375
0 0.432031 0.680469 0.029687 0.101562
0 0.378125 0.546875 0.009375 0.028125
2 0.282813 0.602344 0.065625 0.045312
0 0.423438 0.573438 0.015625 0.025000
0 0.198437 0.848437 0.165625 0.287500
0 0.467969 0.693750 0.020313 0.062500
0 0.442969 0.593750 0.004687 0.025000
1 0.101562 0.885938 0.109375 0.040625
2 0.145313 0.720313 0.115625 0.096875
