3 0.435156 0.538281 0.007812 0.007812
3 0.305469 0.650781 0.020313 0.010937
1 0.380469 0.599219 0.023438 0.004687
3 0.433594 0.514062 0.017188 0.006250
3 0.214062 0.692969 0.018750 0.007812
0 0.428906 0.667969 0.010937 0.023438
0 0.422656 0.596094 0.004687 0.017188
3 0.407813 0.558594 0.015625 0.004687
3 0.279687 0.667969 0.034375 0.010937
1 0.067187 0.897656 0.131250 0.014063
0 0.479687 0.727344 0.037500 0.054688
0 0.389844 0.589063 0.014063 0.015625
1 0.442969 0.609375 0.017188 0.003125
2 0.433594 0.563281 0.023438 0.020313
3 0.452344 0.514844 0.007812 0.004687
0 0.224219 0.820312 0.273438 0.350000
