0 0.216406 0.781250 0.051562 0.093750
0 0.064844 0.741406 0.110937 0.098437
0 0.544531 0.957812 0.035937 0.075000
0 0.296094 0.585938 0.010937 0.028125
0 0.114062 0.885156 0.150000 0.189062
0 0.238281 0.708594 0.014063 0.026562
0 0.332031 0.555469 0.004687 0.023438
0 0.320312 0.595313 0.009375 0.025000
0 0.208594 0.728906 0.039062 0.035937
0 0.168750 0.796875 0.056250 0.071875
0 0.290625 0.609375 0.006250 0.015625
0 0.157031 0.663281 0.070312 0.064062
0 0.303125 0.617188 0.006250 0.021875
0 0.277344 0.675000 0.057813 0.087500
0 0.310937 0.589844 0.003125 0.010937
0 0.282031 0.617969 0.014063 0.032813
2 0.233594 0.607031 0.048438 0.042188
1 0.586719 0.963281 0.057813 0.029687
0 0.304688 0.582031 0.003125 0.010937
0 0.264062 0.579688 0.012500 0.009375
