0 0.417187 0.787500 0.046875 0.265625
0 0.462500 0.859375 0.037500 0.275000
0 0.383594 0.862500 0.029687 0.053125
1 0.342969 0.710156 0.276562 0.023438
0 0.223438 0.682031 0.078125 0.076563
1 0.348438 0.624219 0.043750 0.017188
0 0.066406 0.728125 0.123438 0.071875
0 0.151562 0.661719 0.081250 0.057813
0 0.039062 0.789062 0.078125 0.053125
1 0.345313 0.651563 0.228125 0.025000
0 0.353125 0.770312 0.034375 0.203125
0 0.055469 0.977344 0.023438 0.039062
0 0.248438 0.888281 0.040625 0.048438
0 0.373437 0.628906 0.021875 0.045312
0 0.422656 0.673438 0.026562 0.096875
0 0.501563 0.796094 0.043750 0.170313
