2 0.060937 0.859375 0.121875 0.181250
0 0.378906 0.877344 0.051562 0.239063
0 0.340625 0.721094 0.028125 0.060937
0 0.387500 0.580469 0.050000 0.051562
0 0.279687 0.800781 0.090625 0.132812
0 0.207813 0.909375 0.050000 0.118750
0 0.391406 0.615625 0.057813 0.096875
0 0.412500 0.540625 0.028125 0.028125
0 0.329688 0.675781 0.046875 0.045312
0 0.380469 0.682031 0.010937 0.054688
0 0.175781 0.762500 0.104688 0.106250
0 0.429688 0.811719 0.025000 0.060937
0 0.455469 0.582812 0.014063 0.065625
0 0.174219 0.728125 0.104688 0.100000
0 0.346094 0.629687 0.023438 0.040625
0 0.383594 0.559375 0.007812 0.012500
