0 0.409375 0.639062 0.031250 0.090625
0 0.462500 0.722656 0.046875 0.070312
0 0.516406 0.828125 0.032813 0.112500
0 0.426563 0.762500 0.034375 0.134375
0 0.249219 0.656250 0.142187 0.075000
0 0.486719 0.901563 0.032813 0.146875
0 0.336719 0.937500 0.054688 0.106250
0 0.042969 0.889844 0.085938 0.170313
0 0.264844 0.851562 0.048438 0.118750
0 0.339844 0.706250 0.079687 0.075000
0 0.391406 0.719531 0.035937 0.048438
0 0.461719 0.775781 0.010937 0.035937
0 0.350781 0.825000 0.051562 0.165625
0 0.440625 0.894531 0.031250 0.192188
1 0.243750 0.734375 0.168750 0.034375
0 0.120313 0.739062 0.112500 0.103125
