0 0.303906 0.672656 0.029687 0.054688
3 0.460938 0.603906 0.034375 0.017188
2 0.417969 0.564844 0.023438 0.035937
3 0.442969 0.582812 0.017188 0.009375
0 0.218750 0.936719 0.028125 0.120313
2 0.423438 0.537500 0.012500 0.018750
1 0.364063 0.611719 0.171875 0.007812
3 0.543750 0.576562 0.065625 0.025000
0 0.415625 0.598437 0.009375 0.031250
1 0.348438 0.779687 0.206250 0.015625
0 0.447656 0.723437 0.020313 0.075000
0 0.426563 0.658594 0.021875 0.057813
1 0.363281 0.624219 0.176563 0.010937
0 0.196094 0.845313 0.017188 0.068750
0 0.495312 0.947656 0.043750 0.098437
0 0.260156 0.742969 0.048438 0.067187
0 0.156250 0.941406 0.065625 0.104688
1 0.086719 0.771875 0.173437 0.025000
