0 0.333594 0.750781 0.026562 0.057813
0 0.352344 0.653906 0.017188 0.045312
0 0.067187 0.866406 0.134375 0.167187
0 0.204687 0.784375 0.090625 0.156250
0 0.389062 0.595313 0.012500 0.015625
0 0.489063 0.920312 0.028125 0.156250
0 0.446875 0.815625 0.031250 0.106250
0 0.378125 0.567969 0.012500 0.029687
0 0.400781 0.578125 0.010937 0.018750
0 0.271875 0.948438 0.028125 0.103125
0 0.269531 0.742969 0.167187 0.395313
0 0.432812 0.708594 0.071875 0.135937
0 0.417187 0.972656 0.018750 0.051562
0 0.372656 0.708594 0.014063 0.057813
0 0.404687 0.619531 0.009375 0.039062
0 0.368750 0.575000 0.009375 0.025000
0 0.408594 0.901563 0.042188 0.065625
0 0.153125 0.956250 0.065625 0.084375
0 0.321875 0.836719 0.037500 0.129688
0 0.371875 0.615625 0.006250 0.018750
