0 0.357812 0.649219 0.009375 0.020313
0 0.321875 0.610156 0.012500 0.014063
0 0.146875 0.975781 0.028125 0.045312
0 0.271875 0.833594 0.046875 0.101562
0 0.337500 0.578125 0.015625 0.015625
0 0.235156 0.922656 0.020313 0.035937
0 0.324219 0.689844 0.014063 0.020313
0 0.267969 0.914844 0.023438 0.060937
3 0.225000 0.971875 0.034375 0.046875
0 0.234375 0.657031 0.040625 0.060937
0 0.049219 0.929688 0.014063 0.046875
0 0.200000 0.896875 0.075000 0.196875
2 0.422656 0.731250 0.082812 0.171875
3 0.415625 0.575781 0.012500 0.010937
0 0.309375 0.870313 0.012500 0.025000
1 0.392969 0.592187 0.045312 0.018750
0 0.296094 0.621094 0.010937 0.017188
1 0.370312 0.891406 0.093750 0.020313
0 0.377344 0.553125 0.007812 0.006250
0 0.171875 0.889844 0.056250 0.067187
2 0.447656 0.907031 0.129688 0.182812
0 0.325000 0.594531 0.015625 0.020313
0 0.181250 0.806250 0.034375 0.078125
0 0.309375 0.733594 0.012500 0.042188
0 0.317969 0.671094 0.010937 0.014063
0 0.370312 0.624219 0.009375 0.045312
0 0.079687 0.957812 0.043750 0.062500
3 0.315625 0.572656 0.021875 0.007812
0 0.119531 0.912500 0.014063 0.046875
