0 0.330469 0.609375 0.004687 0.028125
0 0.367969 0.975781 0.029687 0.035937
0 0.371094 0.729688 0.032813 0.106250
1 0.144531 0.703125 0.120313 0.025000
0 0.176563 0.895312 0.103125 0.203125
0 0.347656 0.805469 0.023438 0.064062
0 0.067187 0.777344 0.131250 0.089063
0 0.428125 0.911719 0.046875 0.110937
0 0.346875 0.614062 0.025000 0.021875
0 0.133594 0.807031 0.057813 0.060937
0 0.257812 0.592187 0.006250 0.006250
0 0.387500 0.674219 0.018750 0.051562
2 0.050781 0.885938 0.101562 0.131250
0 0.321875 0.662500 0.021875 0.068750
0 0.344531 0.636719 0.004687 0.007812
0 0.173437 0.745313 0.040625 0.050000
0 0.222656 0.663281 0.032813 0.057813
0 0.136719 0.675000 0.035937 0.031250
