0 0.273438 0.659375 0.034375 0.031250
1 0.236719 0.578125 0.042188 0.012500
0 0.267188 0.605469 0.018750 0.067187
0 0.209375 0.566406 0.012500 0.051562
1 0.354687 0.699219 0.240625 0.017188
0 0.168750 0.619531 0.068750 0.073438
0 0.327344 0.667969 0.032813 0.064062
0 0.346094 0.609375 0.020313 0.037500
0 0.254688 0.623437 0.006250 0.021875
0 0.112500 0.866406 0.178125 0.254688
0 0.350781 0.946094 0.039062 0.098437
0 0.278906 0.602344 0.007812 0.026562
0 0.349219 0.774219 0.085938 0.145313
0 0.241406 0.664844 0.026562 0.045312
0 0.212500 0.713281 0.040625 0.048438
0 0.095312 0.849219 0.190625 0.242188
