0 0.443750 0.687500 0.046875 0.168750
0 0.285938 0.704688 0.012500 0.056250
0 0.178906 0.660156 0.035937 0.042188
0 0.479687 0.974219 0.015625 0.029687
0 0.277344 0.828125 0.057813 0.212500
0 0.328125 0.631250 0.021875 0.100000
0 0.521875 0.746094 0.018750 0.042188
0 0.607812 0.920312 0.050000 0.131250
1 0.660156 0.978125 0.039062 0.018750
0 0.484375 0.889062 0.037500 0.143750
0 0.482031 0.792969 0.023438 0.060937
0 0.234375 0.628125 0.031250 0.056250
0 0.085156 0.840625 0.170313 0.306250
0 0.497656 0.698438 0.007812 0.028125
0 0.277344 0.960156 0.020313 0.070312
