0 0.482812 0.885938 0.043750 0.140625
0 0.428906 0.821875 0.010937 0.037500
0 0.468750 0.742969 0.128125 0.114062
0 0.451562 0.903906 0.012500 0.032813
0 0.445312 0.611719 0.046875 0.079687
0 0.340625 0.599219 0.021875 0.048438
0 0.396875 0.571875 0.012500 0.009375
0 0.364844 0.978125 0.007812 0.025000
0 0.460156 0.864844 0.014063 0.026562
2 0.198437 0.914062 0.137500 0.165625
0 0.385937 0.864844 0.009375 0.023438
1 0.242969 0.622656 0.017188 0.007812
1 0.067187 0.765625 0.053125 0.012500
0 0.011719 0.817969 0.023438 0.017188
0 0.403125 0.687500 0.006250 0.068750
1 0.191406 0.758594 0.039062 0.007812
1 0.333594 0.550781 0.020313 0.004687
1 0.410156 0.850000 0.032813 0.031250
0 0.523438 0.964063 0.031250 0.065625
1 0.325781 0.680469 0.057813 0.014063
0 0.438281 0.628125 0.014063 0.018750
1 0.337500 0.538281 0.012500 0.004687
0 0.438281 0.963281 0.014063 0.067187
0 0.182031 0.664844 0.051562 0.057813
0 0.417969 0.886719 0.007812 0.017188
