0 0.422656 0.575781 0.007812 0.017188
0 0.408594 0.589844 0.004687 0.014063
0 0.416406 0.704688 0.014063 0.025000
0 0.417969 0.625781 0.026562 0.032813
0 0.371875 0.753125 0.031250 0.078125
1 0.439063 0.649219 0.056250 0.014063
0 0.428125 0.553125 0.009375 0.034375
0 0.386719 0.685937 0.010937 0.034375
0 0.457813 0.889062 0.096875 0.212500
1 0.400000 0.697656 0.018750 0.010937
0 0.420312 0.606250 0.009375 0.021875
0 0.350781 0.876563 0.120313 0.234375
0 0.414062 0.670312 0.021875 0.025000
1 0.342969 0.646094 0.132812 0.023438
0 0.560937 0.872656 0.040625 0.117188
0 0.455469 0.742188 0.023438 0.056250
0 0.438281 0.684375 0.032813 0.046875
0 0.428125 0.811719 0.028125 0.170313
