0 0.210156 0.703125 0.032813 0.043750
0 0.324219 0.807031 0.014063 0.035937
0 0.053906 0.767969 0.098437 0.076563
1 0.329688 0.755469 0.162500 0.039062
1 0.179688 0.731250 0.131250 0.012500
3 0.401562 0.653125 0.009375 0.006250
0 0.333594 0.675781 0.042188 0.035937
1 0.212500 0.746094 0.037500 0.007812
1 0.364844 0.801562 0.048438 0.015625
1 0.339844 0.722656 0.048438 0.020313
0 0.261719 0.666406 0.029687 0.048438
0 0.278125 0.682031 0.018750 0.029687
3 0.413281 0.667188 0.017188 0.006250
0 0.245312 0.760156 0.015625 0.039062
1 0.155469 0.703125 0.060937 0.015625
1 0.283594 0.726562 0.023438 0.009375
