0 0.035937 0.878906 0.062500 0.067187
1 0.353125 0.615625 0.028125 0.006250
0 0.218750 0.665625 0.075000 0.078125
0 0.381250 0.580469 0.015625 0.054688
0 0.404687 0.832031 0.009375 0.042188
1 0.392969 0.666406 0.032813 0.010937
1 0.340625 0.639062 0.056250 0.012500
1 0.164062 0.751563 0.153125 0.059375
1 0.360938 0.725000 0.103125 0.031250
0 0.371875 0.660156 0.009375 0.017188
0 0.356250 0.548438 0.018750 0.031250
0 0.267969 0.621094 0.010937 0.026562
1 0.307031 0.697656 0.117188 0.054688
0 0.372656 0.620313 0.007812 0.034375
0 0.123438 0.713281 0.056250 0.048438
1 0.431250 0.660937 0.028125 0.006250
0 0.308594 0.578906 0.048438 0.067187
1 0.392188 0.642969 0.034375 0.014063
0 0.421875 0.603125 0.012500 0.056250
0 0.039844 0.776563 0.079687 0.062500
0 0.414062 0.679688 0.006250 0.065625
