0 0.434375 0.583594 0.009375 0.057813
0 0.454688 0.594531 0.025000 0.098437
0 0.371875 0.598437 0.006250 0.015625
0 0.071875 0.782031 0.143750 0.123438
0 0.426563 0.820312 0.028125 0.209375
0 0.283594 0.600000 0.023438 0.018750
0 0.536719 0.818750 0.142187 0.353125
0 0.457031 0.893750 0.023438 0.206250
1 0.386719 0.624219 0.032813 0.007812
0 0.240625 0.908594 0.053125 0.179688
0 0.303906 0.725781 0.107813 0.210938
0 0.520312 0.719531 0.025000 0.060937
0 0.264062 0.699219 0.068750 0.101562
0 0.337500 0.561719 0.031250 0.023438
0 0.437500 0.700000 0.062500 0.153125
0 0.366406 0.616406 0.010937 0.026562
0 0.169531 0.876563 0.151562 0.243750
