0 0.307812 0.583594 0.018750 0.020313
0 0.371875 0.553906 0.006250 0.014063
1 0.326562 0.782031 0.256250 0.067187
0 0.094531 0.753906 0.182812 0.154688
1 0.396094 0.603125 0.064062 0.028125
0 0.060156 0.911719 0.120313 0.142187
0 0.471875 0.867969 0.046875 0.098437
0 0.165625 0.775000 0.056250 0.068750
0 0.239844 0.642969 0.110937 0.110937
0 0.031250 0.989062 0.021875 0.021875
1 0.340625 0.837500 0.287500 0.040625
0 0.350000 0.539844 0.003125 0.007812
0 0.425000 0.638281 0.015625 0.051562
1 0.099219 0.841406 0.198437 0.079687
