1 0.397656 0.617188 0.079687 0.012500
0 0.407031 0.582812 0.010937 0.034375
1 0.271094 0.634375 0.039062 0.009375
0 0.467187 0.895312 0.015625 0.096875
1 0.849219 0.641406 0.089063 0.017188
0 0.256250 0.736719 0.018750 0.023438
0 0.403906 0.608594 0.007812 0.014063
0 0.189844 0.673438 0.039062 0.028125
1 0.883594 0.654687 0.054688 0.021875
0 0.267188 0.800781 0.012500 0.026562
0 0.290625 0.754687 0.025000 0.050000
1 0.382031 0.662500 0.154688 0.012500
0 0.316406 0.675781 0.014063 0.023438
2 0.341406 0.605469 0.029687 0.042188
1 0.271875 0.722656 0.415625 0.017188
1 0.343750 0.696875 0.143750 0.012500
0 0.444531 0.805469 0.010937 0.039062
