2 0.164062 0.872656 0.171875 0.220312
1 0.278125 0.620313 0.034375 0.015625
0 0.246875 0.654687 0.021875 0.059375
1 0.328125 0.923438 0.059375 0.034375
1 0.276562 0.872656 0.031250 0.023438
0 0.162500 0.612500 0.028125 0.050000
0 0.295312 0.942187 0.018750 0.087500
0 0.542188 0.914844 0.078125 0.157812
2 0.299219 0.765625 0.095312 0.159375
0 0.228906 0.619531 0.014063 0.026562
1 0.357812 0.709375 0.046875 0.012500
0 0.299219 0.642188 0.035937 0.100000
1 0.196875 0.614062 0.046875 0.009375
1 0.037500 0.878125 0.075000 0.071875
0 0.189844 0.591406 0.023438 0.029687
0 0.166406 0.621094 0.010937 0.010937
0 0.207031 0.723437 0.023438 0.053125
1 0.355469 0.782031 0.039062 0.007812
