1 0.020313 0.873437 0.040625 0.028125
1 0.223438 0.607812 0.071875 0.006250
1 0.362500 0.782031 0.056250 0.020313
0 0.345313 0.667188 0.009375 0.012500
1 0.311719 0.635156 0.076563 0.014063
0 0.372656 0.886719 0.060937 0.210938
1 0.076563 0.686719 0.028125 0.010937
1 0.303906 0.597656 0.039062 0.007812
1 0.242188 0.921094 0.187500 0.035937
0 0.346875 0.533594 0.003125 0.020313
0 0.042188 0.701562 0.084375 0.081250
0 0.322656 0.606250 0.004687 0.025000
0 0.169531 0.595313 0.064062 0.043750
0 0.383594 0.636719 0.051562 0.117188
0 0.353125 0.568750 0.006250 0.034375
1 0.143750 0.676562 0.071875 0.012500
