0 0.447656 0.629687 0.014063 0.021875
0 0.227344 0.665625 0.042188 0.043750
0 0.393750 0.621875 0.015625 0.037500
0 0.187500 0.857031 0.034375 0.070312
0 0.389062 0.581250 0.009375 0.015625
2 0.450781 0.882812 0.120313 0.234375
0 0.425781 0.697656 0.039062 0.139063
0 0.104688 0.735156 0.053125 0.067187
0 0.402344 0.566406 0.007812 0.026562
1 0.147656 0.793750 0.120313 0.046875
0 0.110156 0.899219 0.107813 0.189062
0 0.219531 0.870313 0.104688 0.231250
0 0.256250 0.664062 0.012500 0.034375
1 0.177344 0.689063 0.039062 0.015625
0 0.548438 0.828125 0.034375 0.071875
