1 0.265625 0.622656 0.034375 0.010937
0 0.263281 0.694531 0.014063 0.026562
0 0.382812 0.829688 0.012500 0.034375
0 0.322656 0.646094 0.010937 0.023438
2 0.470313 0.588281 0.065625 0.089063
0 0.210156 0.800000 0.020313 0.053125
0 0.380469 0.567187 0.004687 0.015625
0 0.557031 0.880469 0.107813 0.220312
1 0.332813 0.754687 0.334375 0.021875
1 0.378125 0.634375 0.075000 0.006250
1 0.311719 0.679688 0.376563 0.037500
0 0.427344 0.789062 0.032813 0.034375
1 0.356250 0.587500 0.137500 0.006250
0 0.357812 0.908594 0.018750 0.129688
0 0.277344 0.599219 0.020313 0.020313
