0 0.367969 0.637500 0.010937 0.043750
0 0.250000 0.575781 0.043750 0.045312
0 0.257812 0.687500 0.046875 0.078125
0 0.390625 0.594531 0.009375 0.045312
0 0.192969 0.703125 0.042188 0.046875
0 0.397656 0.756250 0.020313 0.109375
0 0.327344 0.601562 0.042188 0.125000
0 0.127344 0.790625 0.092188 0.128125
0 0.211719 0.813281 0.110937 0.179688
0 0.132031 0.946094 0.032813 0.104688
0 0.040625 0.910156 0.081250 0.107813
0 0.288281 0.697656 0.042188 0.064062
0 0.062500 0.759375 0.125000 0.109375
0 0.350000 0.610156 0.012500 0.032813
0 0.177344 0.632031 0.035937 0.023438
0 0.302344 0.823438 0.098437 0.343750
0 0.432812 0.814844 0.065625 0.364063
0 0.414844 0.689063 0.010937 0.043750
0 0.385156 0.557031 0.014063 0.020313
