0 0.167187 0.886719 0.021875 0.045312
0 0.429688 0.869531 0.012500 0.129688
1 0.406250 0.576562 0.025000 0.003125
0 0.275781 0.581250 0.054688 0.037500
0 0.100781 0.742188 0.045312 0.059375
0 0.267188 0.619531 0.090625 0.076563
0 0.207031 0.788281 0.085938 0.139063
1 0.390625 0.534375 0.009375 0.006250
3 0.480469 0.764844 0.032813 0.017188
0 0.395313 0.577344 0.012500 0.020313
1 0.123438 0.814844 0.078125 0.017188
0 0.389062 0.558594 0.012500 0.014063
0 0.404687 0.607812 0.015625 0.015625
1 0.231250 0.704688 0.262500 0.009375
0 0.370312 0.643750 0.018750 0.090625
0 0.373437 0.583594 0.015625 0.039062
1 0.183594 0.665625 0.073438 0.012500
0 0.409375 0.777344 0.018750 0.051562
1 0.259375 0.738281 0.062500 0.014063
1 0.320312 0.797656 0.381250 0.032813
1 0.073438 0.778125 0.075000 0.012500
1 0.146094 0.771094 0.067187 0.017188
