0 0.246875 0.648438 0.012500 0.015625
0 0.415625 0.533594 0.012500 0.007812
0 0.382812 0.673438 0.015625 0.028125
0 0.275000 0.691406 0.087500 0.101562
0 0.329688 0.979688 0.015625 0.040625
0 0.189062 0.746875 0.012500 0.028125
0 0.485156 0.976562 0.014063 0.037500
0 0.436719 0.541406 0.014063 0.020313
1 0.314063 0.954688 0.021875 0.018750
0 0.115625 0.773438 0.028125 0.021875
0 0.319531 0.746875 0.057813 0.137500
0 0.282031 0.884375 0.017188 0.046875
0 0.417187 0.567187 0.021875 0.028125
0 0.425781 0.984375 0.020313 0.025000
0 0.176563 0.796875 0.062500 0.071875
0 0.325000 0.835938 0.009375 0.043750
0 0.355469 0.569531 0.051562 0.026562
0 0.346875 0.610938 0.053125 0.056250
0 0.467187 0.694531 0.028125 0.051562
0 0.378906 0.785156 0.017188 0.079687
0 0.396875 0.614844 0.028125 0.039062
0 0.392188 0.707812 0.009375 0.043750
1 0.074219 0.811719 0.007812 0.023438
0 0.335156 0.657813 0.014063 0.018750
0 0.539844 0.784375 0.060937 0.159375
1 0.138281 0.838281 0.276562 0.045312
0 0.282031 0.610156 0.057813 0.032813
0 0.150781 0.700000 0.048438 0.025000
0 0.071875 0.773438 0.046875 0.037500
0 0.491406 0.921875 0.017188 0.084375
1 0.066406 0.739844 0.132812 0.010937
0 0.135937 0.740625 0.059375 0.034375
0 0.304688 0.932031 0.018750 0.089063
0 0.389062 0.642969 0.006250 0.014063
0 0.421875 0.645312 0.018750 0.034375
1 0.442969 0.638281 0.101562 0.010937
1 0.428906 0.868750 0.292187 0.037500
0 0.460938 0.541406 0.012500 0.017188
0 0.078125 0.917969 0.131250 0.164062
0 0.087500 0.790625 0.018750 0.012500
0 0.460156 0.616406 0.010937 0.035937
1 0.349219 0.589844 0.042188 0.007812
1 0.062500 0.797656 0.125000 0.023438
0 0.288281 0.833594 0.017188 0.054688
