0 0.528906 0.818750 0.032813 0.081250
0 0.229687 0.935156 0.062500 0.123438
0 0.016406 0.880469 0.032813 0.042188
0 0.384375 0.727344 0.012500 0.054688
0 0.285938 0.639062 0.037500 0.056250
0 0.447656 0.849219 0.064062 0.298438
0 0.068750 0.785156 0.134375 0.148438
0 0.346875 0.596875 0.021875 0.053125
0 0.490625 0.728125 0.015625 0.046875
0 0.266406 0.595313 0.045312 0.046875
0 0.131250 0.682813 0.059375 0.053125
0 0.154688 0.943750 0.062500 0.106250
0 0.590625 0.918750 0.050000 0.153125
0 0.402344 0.578125 0.023438 0.109375
0 0.124219 0.914844 0.104688 0.160938
2 0.247656 0.779687 0.148438 0.203125
0 0.102344 0.807031 0.120313 0.142187
