0 0.567187 0.971094 0.021875 0.048438
0 0.350000 0.724219 0.034375 0.089063
1 0.435156 0.677344 0.135937 0.020313
0 0.411719 0.599219 0.014063 0.026562
1 0.368750 0.803125 0.084375 0.065625
0 0.400781 0.947656 0.010937 0.039062
1 0.264844 0.640625 0.160938 0.012500
1 0.500781 0.750000 0.051562 0.021875
0 0.324219 0.627344 0.017188 0.020313
0 0.482031 0.972656 0.014063 0.048438
1 0.179688 0.667188 0.090625 0.021875
1 0.295312 0.660937 0.143750 0.028125
0 0.487500 0.545312 0.006250 0.006250
0 0.165625 0.883594 0.053125 0.129688
0 0.272656 0.620313 0.014063 0.015625
0 0.284375 0.875000 0.078125 0.081250
0 0.459375 0.593750 0.021875 0.040625
0 0.211719 0.955469 0.020313 0.082812
1 0.422656 0.604688 0.010937 0.009375
0 0.545312 0.903125 0.015625 0.043750
0 0.438281 0.575781 0.010937 0.014063
1 0.042188 0.752344 0.081250 0.029687
0 0.524219 0.862500 0.014063 0.012500
0 0.437500 0.559375 0.015625 0.015625
1 0.192188 0.803906 0.265625 0.070312
0 0.475781 0.807031 0.026562 0.117188
0 0.358594 0.618750 0.017188 0.018750
0 0.445312 0.646094 0.015625 0.054688
1 0.321094 0.601562 0.085938 0.015625
0 0.453906 0.559375 0.010937 0.012500
0 0.379688 0.642188 0.025000 0.056250
0 0.232813 0.914844 0.025000 0.048438
0 0.257031 0.741406 0.126562 0.145313
0 0.444531 0.722656 0.035937 0.085938
