0 0.276562 0.586719 0.031250 0.023438
0 0.182031 0.650000 0.023438 0.018750
0 0.231250 0.778906 0.021875 0.054688
0 0.275000 0.681250 0.034375 0.053125
1 0.464844 0.942187 0.185938 0.031250
0 0.392969 0.603906 0.010937 0.023438
1 0.286719 0.817969 0.098437 0.020313
0 0.498437 0.855469 0.037500 0.060937
0 0.378906 0.556250 0.017188 0.018750
1 0.095312 0.811719 0.115625 0.020313
0 0.455469 0.978125 0.026562 0.037500
0 0.227344 0.622656 0.054688 0.048438
0 0.305469 0.565625 0.017188 0.018750
0 0.350781 0.603906 0.023438 0.017188
0 0.396094 0.523438 0.007812 0.018750
0 0.380469 0.531250 0.014063 0.025000
0 0.339844 0.625781 0.007812 0.017188
0 0.164062 0.675781 0.062500 0.045312
0 0.399219 0.568750 0.010937 0.043750
