0 0.385156 0.556250 0.017188 0.021875
0 0.353906 0.936719 0.045312 0.095312
0 0.418750 0.650000 0.059375 0.100000
0 0.478125 0.734375 0.050000 0.090625
0 0.352344 0.514844 0.014063 0.017188
0 0.347656 0.528906 0.004687 0.007812
2 0.207813 0.628125 0.062500 0.078125
0 0.453906 0.737500 0.035937 0.087500
0 0.278906 0.526563 0.007812 0.015625
2 0.399219 0.785156 0.098437 0.198437
0 0.372656 0.539062 0.001563 0.006250
0 0.330469 0.519531 0.020313 0.017188
0 0.435156 0.942187 0.029687 0.112500
0 0.355469 0.514062 0.004687 0.006250
0 0.569531 0.878125 0.114062 0.171875
0 0.364844 0.531250 0.007812 0.009375
0 0.388281 0.582812 0.026562 0.025000
0 0.309375 0.515625 0.006250 0.015625
0 0.364063 0.578906 0.021875 0.079687
