0 0.146094 0.748437 0.045312 0.050000
0 0.114844 0.925781 0.085938 0.132812
0 0.396875 0.536719 0.009375 0.023438
0 0.347656 0.550781 0.007812 0.007812
0 0.398438 0.731250 0.015625 0.059375
0 0.445312 0.927344 0.025000 0.145313
0 0.278906 0.616406 0.079687 0.073438
0 0.310937 0.627344 0.025000 0.045312
0 0.171094 0.898438 0.101562 0.196875
0 0.394531 0.578906 0.017188 0.051562
0 0.332813 0.567969 0.015625 0.014063
0 0.065625 0.795312 0.131250 0.118750
0 0.240625 0.741406 0.109375 0.145313
0 0.426563 0.821875 0.018750 0.087500
