0 0.135156 0.942969 0.064062 0.114062
1 0.390625 0.785156 0.040625 0.007812
1 0.149219 0.775781 0.120313 0.045312
1 0.314063 0.655469 0.200000 0.032813
1 0.377344 0.699219 0.060937 0.023438
0 0.064844 0.848437 0.129688 0.159375
0 0.198437 0.881250 0.062500 0.115625
1 0.242969 0.690625 0.095312 0.009375
0 0.204687 0.708594 0.021875 0.023438
1 0.231250 0.810156 0.043750 0.017188
1 0.365625 0.588281 0.059375 0.014063
0 0.264844 0.847656 0.067187 0.229687
0 0.318750 0.708594 0.053125 0.060937
1 0.210156 0.729688 0.189062 0.034375
1 0.053125 0.959375 0.106250 0.009375
