0 0.237500 0.897656 0.075000 0.198437
0 0.477344 0.867969 0.067187 0.264062
0 0.420312 0.710156 0.018750 0.073438
0 0.428125 0.814063 0.025000 0.162500
0 0.583594 0.973437 0.014063 0.040625
0 0.575781 0.910156 0.051562 0.085938
0 0.357031 0.596875 0.017188 0.078125
0 0.296094 0.614844 0.020313 0.023438
0 0.526563 0.876563 0.084375 0.175000
0 0.248438 0.648438 0.031250 0.028125
0 0.417187 0.955469 0.025000 0.085938
0 0.094531 0.918750 0.085938 0.106250
0 0.179688 0.746875 0.159375 0.168750
0 0.332031 0.830469 0.079687 0.329688
0 0.628125 0.967187 0.034375 0.056250
0 0.321875 0.715625 0.103125 0.168750
