0 0.200000 0.653125 0.043750 0.037500
0 0.253906 0.819531 0.082812 0.164062
0 0.193750 0.679688 0.031250 0.018750
0 0.564844 0.897656 0.135937 0.198437
0 0.116406 0.753125 0.095312 0.093750
0 0.283594 0.888281 0.023438 0.070312
0 0.303906 0.618750 0.010937 0.009375
0 0.204687 0.951562 0.056250 0.090625
0 0.075781 0.750000 0.082812 0.062500
1 0.108594 0.846094 0.192188 0.120313
1 0.353906 0.950000 0.239063 0.062500
1 0.366406 0.661719 0.057813 0.060937
1 0.378906 0.607812 0.057813 0.012500
0 0.153906 0.684375 0.045312 0.037500
0 0.327344 0.672656 0.014063 0.020313
0 0.356250 0.723437 0.050000 0.056250
0 0.404687 0.604688 0.025000 0.037500
0 0.277344 0.969531 0.023438 0.054688
0 0.467969 0.974219 0.032813 0.045312
0 0.442188 0.858594 0.050000 0.220312
0 0.250000 0.634375 0.031250 0.021875
0 0.460156 0.657031 0.035937 0.082812
0 0.022656 0.826562 0.045312 0.043750
