0 0.497656 0.680469 0.032813 0.064062
0 0.435156 0.907813 0.010937 0.056250
0 0.434375 0.801562 0.025000 0.071875
0 0.295312 0.724219 0.012500 0.020313
3 0.214844 0.825000 0.026562 0.046875
0 0.409375 0.683594 0.025000 0.082812
0 0.410156 0.753125 0.010937 0.050000
1 0.503906 0.727344 0.085938 0.014063
1 0.082812 0.843750 0.078125 0.021875
1 0.439844 0.737500 0.039062 0.043750
1 0.230469 0.650000 0.220312 0.078125
0 0.153125 0.925781 0.075000 0.129688
0 0.357031 0.605469 0.035937 0.017188
2 0.396875 0.585938 0.059375 0.112500
0 0.410938 0.801562 0.012500 0.025000
