2 0.391406 0.642188 0.017188 0.028125
0 0.286719 0.579688 0.014063 0.015625
0 0.265625 0.600781 0.015625 0.023438
0 0.385156 0.560156 0.023438 0.039062
2 0.129688 0.915625 0.162500 0.162500
1 0.283594 0.659375 0.207813 0.021875
0 0.322656 0.614844 0.010937 0.023438
0 0.232813 0.762500 0.084375 0.134375
0 0.282031 0.637500 0.032813 0.043750
0 0.350000 0.739844 0.021875 0.107813
0 0.307031 0.670312 0.017188 0.031250
0 0.301563 0.572656 0.012500 0.010937
0 0.228906 0.678906 0.010937 0.029687
0 0.375781 0.682031 0.017188 0.029687
