2 0.509375 0.819531 0.112500 0.348438
0 0.374219 0.618750 0.017188 0.031250
1 0.354687 0.597656 0.143750 0.023438
0 0.254688 0.648438 0.071875 0.056250
0 0.296875 0.631250 0.040625 0.031250
0 0.055469 0.952344 0.045312 0.076563
0 0.407031 0.637500 0.007812 0.062500
0 0.143750 0.831250 0.090625 0.143750
0 0.107813 0.783594 0.034375 0.054688
0 0.164844 0.685937 0.014063 0.018750
0 0.357812 0.710938 0.056250 0.131250
0 0.409375 0.587500 0.018750 0.025000
0 0.346094 0.596094 0.020313 0.042188
0 0.036719 0.871094 0.070312 0.120313
2 0.449219 0.603125 0.051562 0.087500
0 0.242188 0.806250 0.046875 0.068750
0 0.378906 0.583594 0.017188 0.026562
0 0.437500 0.657031 0.012500 0.026562
0 0.160938 0.713281 0.015625 0.023438
0 0.146094 0.921875 0.060937 0.131250
