0 0.256250 0.699219 0.031250 0.060937
1 0.671094 0.828125 0.057813 0.037500
0 0.367969 0.557813 0.014063 0.015625
1 0.860156 0.953906 0.079687 0.060937
1 0.835156 0.884375 0.120313 0.078125
1 0.238281 0.639062 0.142187 0.009375
2 0.735938 0.785156 0.075000 0.079687
0 0.307031 0.632031 0.007812 0.020313
1 0.104688 0.970313 0.106250 0.056250
0 0.275781 0.657031 0.020313 0.029687
0 0.833594 0.810937 0.120313 0.065625
1 0.409375 0.627344 0.112500 0.020313
0 0.935937 0.875000 0.081250 0.062500
1 0.418750 0.650000 0.156250 0.015625
1 0.355469 0.558594 0.126562 0.010937
1 0.050781 0.906250 0.098437 0.040625
1 0.277344 0.610938 0.029687 0.021875
0 0.157031 0.810156 0.157812 0.176563
0 0.420312 0.548438 0.018750 0.031250
1 0.333594 0.598437 0.182812 0.018750
0 0.017188 0.805469 0.028125 0.032813
0 0.351562 0.974219 0.018750 0.048438
3 0.564844 0.687500 0.095312 0.081250
0 0.563281 0.884375 0.089063 0.215625
3 0.492969 0.613281 0.029687 0.029687
