0 0.415625 0.889844 0.028125 0.214062
0 0.259375 0.777344 0.012500 0.017188
0 0.510156 0.915625 0.017188 0.050000
0 0.120313 0.741406 0.103125 0.085938
1 0.267188 0.786719 0.528125 0.020313
0 0.415625 0.542188 0.009375 0.018750
0 0.065625 0.859375 0.131250 0.143750
0 0.231250 0.653906 0.115625 0.089063
0 0.408594 0.660937 0.026562 0.075000
0 0.331250 0.657031 0.006250 0.020313
0 0.301563 0.730469 0.025000 0.079687
0 0.363281 0.877344 0.010937 0.032813
0 0.326562 0.582812 0.006250 0.015625
0 0.307031 0.603125 0.014063 0.015625
