0 0.424219 0.604688 0.010937 0.021875
1 0.308594 0.591406 0.064062 0.017188
0 0.228906 0.760938 0.104688 0.153125
0 0.539844 0.908594 0.045312 0.089063
0 0.457031 0.749219 0.032813 0.117188
0 0.346094 0.581250 0.014063 0.021875
0 0.500781 0.832812 0.029687 0.109375
0 0.299219 0.652344 0.032813 0.051562
0 0.364063 0.635156 0.025000 0.045312
1 0.377344 0.596875 0.051562 0.009375
0 0.098437 0.792969 0.196875 0.192188
1 0.210938 0.684375 0.137500 0.021875
1 0.375000 0.694531 0.103125 0.029687
0 0.429688 0.650781 0.012500 0.029687
0 0.404687 0.588281 0.006250 0.032813
