2 0.270313 0.810937 0.071875 0.156250
2 0.382031 0.620313 0.064062 0.096875
3 0.303125 0.768750 0.034375 0.028125
0 0.182812 0.934375 0.015625 0.040625
0 0.204687 0.729688 0.087500 0.128125
3 0.367969 0.586719 0.010937 0.010937
0 0.322656 0.686719 0.039062 0.057813
0 0.222656 0.833594 0.045312 0.107813
0 0.225781 0.978125 0.017188 0.037500
0 0.118750 0.816406 0.078125 0.117188
0 0.403125 0.693750 0.009375 0.046875
0 0.478906 0.935937 0.042188 0.125000
0 0.357031 0.804688 0.026562 0.046875
3 0.344531 0.764062 0.032813 0.025000
