0 0.167187 0.816406 0.046875 0.070312
0 0.069531 0.874219 0.135937 0.157812
2 0.446094 0.736719 0.142187 0.254688
0 0.398438 0.606250 0.015625 0.043750
1 0.255469 0.768750 0.089063 0.021875
0 0.576562 0.848437 0.031250 0.056250
0 0.220312 0.691406 0.009375 0.014063
0 0.438281 0.588281 0.017188 0.029687
1 0.216406 0.767969 0.076563 0.035937
0 0.348438 0.752344 0.031250 0.057813
1 0.295312 0.719531 0.112500 0.035937
1 0.235937 0.700781 0.281250 0.051562
0 0.483594 0.614844 0.007812 0.020313
1 0.324219 0.667188 0.095312 0.021875
1 0.186719 0.682031 0.079687 0.007812
0 0.582812 0.930469 0.056250 0.129688
0 0.207813 0.721094 0.065625 0.051562
