0 0.322656 0.571875 0.010937 0.034375
0 0.250000 0.861719 0.115625 0.182812
0 0.296875 0.528125 0.012500 0.015625
0 0.261719 0.593750 0.014063 0.012500
0 0.230469 0.602344 0.014063 0.010937
0 0.055469 0.915625 0.107813 0.156250
2 0.190625 0.634375 0.065625 0.056250
0 0.372656 0.604688 0.014063 0.031250
0 0.349219 0.601562 0.007812 0.040625
0 0.021875 0.774219 0.043750 0.051562
0 0.365625 0.624219 0.009375 0.026562
0 0.204687 0.975000 0.075000 0.043750
0 0.333594 0.778906 0.051562 0.123438
0 0.345313 0.550781 0.009375 0.014063
0 0.271875 0.568750 0.018750 0.021875
0 0.270313 0.543750 0.015625 0.015625
1 0.296875 0.540625 0.015625 0.012500
0 0.123438 0.684375 0.071875 0.059375
1 0.234375 0.855469 0.062500 0.026562
0 0.351562 0.700000 0.015625 0.028125
0 0.375781 0.679688 0.023438 0.053125
0 0.351562 0.958594 0.031250 0.076563
0 0.353906 0.654687 0.010937 0.028125
0 0.361719 0.565625 0.020313 0.021875
2 0.243750 0.578125 0.028125 0.025000
1 0.357031 0.849219 0.070312 0.017188
