0 0.189062 0.752344 0.009375 0.014063
1 0.364063 0.777344 0.087500 0.064062
0 0.362500 0.610938 0.034375 0.081250
0 0.305469 0.910937 0.048438 0.165625
0 0.007812 0.896094 0.015625 0.020313
0 0.344531 0.664844 0.014063 0.032813
1 0.372656 0.706250 0.064062 0.053125
1 0.191406 0.882031 0.382812 0.154688
0 0.073438 0.811719 0.081250 0.079687
0 0.412500 0.783594 0.018750 0.107813
0 0.510156 0.847656 0.064062 0.245312
0 0.409375 0.617188 0.018750 0.118750
0 0.450000 0.766406 0.021875 0.085938
0 0.186719 0.730469 0.032813 0.023438
0 0.497656 0.963281 0.014063 0.073438
0 0.439063 0.845313 0.015625 0.078125
0 0.561719 0.972656 0.014063 0.054688
0 0.256250 0.725781 0.068750 0.114062
0 0.425000 0.713281 0.006250 0.060937
0 0.046094 0.870313 0.042188 0.037500
0 0.325000 0.618750 0.031250 0.059375
0 0.427344 0.652344 0.023438 0.048438
1 0.069531 0.896875 0.114062 0.028125
0 0.308594 0.757812 0.060937 0.153125
0 0.179688 0.838281 0.050000 0.064062
