0 0.585938 0.942187 0.043750 0.106250
0 0.453125 0.943750 0.018750 0.106250
0 0.407813 0.745313 0.028125 0.290625
0 0.210156 0.937500 0.051562 0.115625
2 0.092969 0.810156 0.185938 0.217188
1 0.298438 0.875000 0.209375 0.043750
0 0.202344 0.807813 0.032813 0.040625
0 0.432031 0.797656 0.017188 0.082812
2 0.273438 0.712500 0.112500 0.159375
0 0.071875 0.967969 0.046875 0.054688
0 0.496875 0.736719 0.015625 0.048438
0 0.244531 0.832031 0.042188 0.057813
0 0.389062 0.768750 0.012500 0.071875
1 0.489063 0.876563 0.153125 0.037500
