0 0.374219 0.960156 0.032813 0.070312
0 0.349219 0.572656 0.010937 0.017188
0 0.357812 0.818750 0.037500 0.087500
0 0.274219 0.908594 0.073438 0.167187
0 0.378906 0.562500 0.004687 0.009375
0 0.375781 0.678125 0.045312 0.093750
0 0.395313 0.764062 0.025000 0.043750
0 0.431250 0.974219 0.018750 0.048438
0 0.418750 0.932813 0.021875 0.050000
0 0.410938 0.748437 0.012500 0.059375
0 0.487500 0.974219 0.028125 0.048438
0 0.403125 0.821094 0.021875 0.048438
0 0.399219 0.596094 0.014063 0.070312
0 0.444531 0.910156 0.032813 0.173437
0 0.307812 0.721875 0.025000 0.068750
2 0.302344 0.657813 0.042188 0.037500
