0 0.421094 0.645312 0.023438 0.046875
0 0.403906 0.688281 0.010937 0.039062
1 0.311719 0.607812 0.229687 0.018750
1 0.372656 0.617969 0.076563 0.017188
0 0.428125 0.591406 0.009375 0.023438
0 0.220312 0.798438 0.046875 0.068750
0 0.498437 0.836719 0.025000 0.095312
0 0.025000 0.823438 0.050000 0.087500
0 0.450000 0.690625 0.018750 0.037500
1 0.300000 0.651563 0.353125 0.034375
1 0.199219 0.633594 0.070312 0.023438
0 0.452344 0.760938 0.051562 0.100000
0 0.418750 0.956250 0.021875 0.078125
1 0.347656 0.578125 0.173437 0.012500
0 0.114844 0.946094 0.051562 0.098437
1 0.252344 0.691406 0.348438 0.054688
