0 0.443750 0.597656 0.012500 0.035937
0 0.396094 0.660937 0.004687 0.028125
0 0.225781 0.680469 0.126562 0.135937
0 0.439063 0.701562 0.006250 0.021875
0 0.523438 0.758594 0.043750 0.070312
0 0.418750 0.607031 0.015625 0.079687
0 0.418750 0.679688 0.031250 0.109375
0 0.416406 0.768750 0.035937 0.125000
0 0.390625 0.935937 0.015625 0.121875
0 0.585938 0.860156 0.084375 0.132812
0 0.503906 0.773438 0.048438 0.103125
0 0.467969 0.668750 0.045312 0.100000
0 0.455469 0.900000 0.045312 0.140625
2 0.260156 0.749219 0.182812 0.307812
0 0.578906 0.913281 0.101562 0.173437
0 0.385156 0.548438 0.007812 0.012500
0 0.425781 0.893750 0.060937 0.203125
0 0.081250 0.828125 0.162500 0.165625
