0 0.072656 0.851562 0.042188 0.050000
0 0.534375 0.814844 0.031250 0.082812
1 0.439844 0.750000 0.148438 0.056250
0 0.019531 0.918750 0.035937 0.040625
1 0.475781 0.863281 0.164062 0.054688
0 0.195312 0.729688 0.021875 0.028125
1 0.364844 0.648438 0.207813 0.015625
0 0.371094 0.656250 0.026562 0.134375
0 0.425000 0.621094 0.028125 0.032813
0 0.255469 0.656250 0.048438 0.059375
0 0.155469 0.761719 0.014063 0.045312
1 0.257812 0.716406 0.200000 0.017188
0 0.492188 0.709375 0.025000 0.071875
0 0.113281 0.818750 0.029687 0.043750
1 0.239063 0.816406 0.165625 0.057813
