0 0.428125 0.675781 0.028125 0.117188
1 0.378906 0.617188 0.148438 0.012500
1 0.514844 0.794531 0.039062 0.020313
0 0.436719 0.556250 0.007812 0.037500
0 0.485156 0.893750 0.051562 0.209375
0 0.286719 0.706250 0.051562 0.081250
1 0.390625 0.599219 0.034375 0.035937
0 0.293750 0.587500 0.031250 0.025000
0 0.346094 0.739062 0.076563 0.065625
0 0.271094 0.611719 0.014063 0.010937
0 0.450781 0.771875 0.020313 0.118750
0 0.317188 0.602344 0.028125 0.026562
1 0.285938 0.642969 0.040625 0.048438
0 0.330469 0.642188 0.023438 0.034375
0 0.407813 0.596875 0.003125 0.009375
0 0.398438 0.574219 0.012500 0.023438
0 0.391406 0.664844 0.029687 0.085938
0 0.433594 0.605469 0.014063 0.020313
1 0.364844 0.628125 0.023438 0.015625
0 0.204687 0.839063 0.093750 0.156250
