0 0.434375 0.589844 0.021875 0.142187
0 0.294531 0.625000 0.042188 0.037500
3 0.328906 0.610156 0.010937 0.007812
0 0.425000 0.833594 0.021875 0.164062
1 0.296094 0.689844 0.029687 0.014063
0 0.508594 0.923438 0.039062 0.143750
0 0.339844 0.576562 0.057813 0.059375
2 0.129688 0.751563 0.096875 0.053125
0 0.220312 0.767188 0.025000 0.050000
3 0.325781 0.604688 0.004687 0.006250
0 0.353906 0.640625 0.029687 0.059375
0 0.355469 0.589844 0.026562 0.035937
1 0.115625 0.850781 0.090625 0.039062
0 0.271875 0.809375 0.037500 0.084375
1 0.226562 0.802344 0.056250 0.010937
0 0.187500 0.803125 0.043750 0.046875
0 0.516406 0.853906 0.023438 0.054688
0 0.457031 0.702344 0.026562 0.079687
0 0.210156 0.960156 0.032813 0.070312
0 0.485156 0.813281 0.020313 0.039062
0 0.050000 0.803125 0.062500 0.043750
1 0.197656 0.833594 0.076563 0.020313
