0 0.322656 0.863281 0.092188 0.254688
0 0.376563 0.724219 0.009375 0.042188
0 0.042188 0.793750 0.084375 0.068750
0 0.195312 0.699219 0.021875 0.026562
0 0.390625 0.566406 0.037500 0.045312
0 0.399219 0.766406 0.010937 0.114062
0 0.428125 0.603906 0.037500 0.032813
0 0.344531 0.621875 0.017188 0.053125
0 0.424219 0.669531 0.039062 0.107813
0 0.436719 0.907031 0.070312 0.176563
1 0.367188 0.676562 0.078125 0.009375
1 0.225781 0.708594 0.132812 0.010937
0 0.410156 0.555469 0.023438 0.014063
0 0.110156 0.761719 0.098437 0.104688
0 0.328906 0.581250 0.017188 0.031250
1 0.260156 0.689844 0.104688 0.017188
