0 0.409375 0.576562 0.009375 0.021875
0 0.411719 0.549219 0.004687 0.017188
0 0.308594 0.570312 0.029687 0.031250
2 0.059375 0.813281 0.118750 0.145313
0 0.357031 0.748437 0.014063 0.015625
1 0.435937 0.618750 0.040625 0.012500
0 0.386719 0.578125 0.010937 0.021875
0 0.432031 0.717187 0.042188 0.106250
0 0.384375 0.539844 0.006250 0.010937
0 0.503906 0.767969 0.020313 0.067187
0 0.427344 0.806250 0.017188 0.081250
2 0.207031 0.659375 0.170313 0.165625
0 0.471875 0.950781 0.021875 0.089063
0 0.195312 0.884375 0.046875 0.078125
0 0.354687 0.553125 0.012500 0.018750
0 0.410156 0.622656 0.010937 0.042188
