0 0.229687 0.784375 0.028125 0.065625
0 0.229687 0.586719 0.034375 0.032813
0 0.359375 0.692969 0.037500 0.101562
0 0.432812 0.926562 0.009375 0.050000
0 0.551562 0.951562 0.040625 0.087500
0 0.188281 0.606250 0.014063 0.021875
0 0.275781 0.710156 0.020313 0.064062
1 0.296875 0.981250 0.056250 0.037500
0 0.314063 0.645312 0.018750 0.096875
0 0.316406 0.850000 0.010937 0.053125
0 0.314844 0.940625 0.020313 0.040625
0 0.334375 0.603125 0.034375 0.068750
0 0.472656 0.785156 0.026562 0.051562
0 0.275000 0.853125 0.028125 0.034375
0 0.452344 0.869531 0.020313 0.060937
0 0.500000 0.775000 0.028125 0.050000
0 0.444531 0.702344 0.014063 0.051562
0 0.192188 0.591406 0.012500 0.014063
0 0.242969 0.853906 0.020313 0.026562
3 0.443750 0.974219 0.040625 0.042188
