1 0.257031 0.943750 0.501563 0.053125
0 0.281250 0.638281 0.012500 0.020313
0 0.435156 0.658594 0.004687 0.017188
0 0.509375 0.915625 0.081250 0.168750
0 0.410156 0.581250 0.014063 0.040625
0 0.382031 0.596875 0.026562 0.065625
0 0.280469 0.737500 0.076563 0.150000
0 0.477344 0.721094 0.032813 0.035937
1 0.335938 0.640625 0.112500 0.034375
0 0.211719 0.851562 0.048438 0.084375
0 0.384375 0.643750 0.012500 0.028125
0 0.447656 0.694531 0.007812 0.039062
0 0.450000 0.843750 0.034375 0.056250
0 0.095312 0.857031 0.190625 0.223438
0 0.410938 0.966406 0.012500 0.060937
0 0.355469 0.785156 0.029687 0.070312
0 0.378906 0.867188 0.026562 0.100000
0 0.164062 0.952344 0.046875 0.089063
0 0.254688 0.673438 0.040625 0.040625
0 0.421875 0.616406 0.012500 0.029687
0 0.340625 0.617188 0.021875 0.031250
0 0.478125 0.801562 0.103125 0.156250
0 0.425781 0.735156 0.039062 0.129688
0 0.126562 0.771094 0.053125 0.057813
