0 0.129688 0.896094 0.153125 0.201563
1 0.327344 0.630469 0.060937 0.014063
0 0.517969 0.924219 0.035937 0.148438
1 0.417969 0.657031 0.126562 0.029687
3 0.339844 0.670312 0.029687 0.043750
0 0.049219 0.864844 0.098437 0.107813
0 0.275781 0.793750 0.032813 0.156250
0 0.132031 0.780469 0.067187 0.064062
1 0.292187 0.652344 0.031250 0.017188
0 0.478125 0.976562 0.018750 0.046875
0 0.257031 0.664844 0.070312 0.104688
0 0.199219 0.712500 0.067187 0.071875
0 0.253125 0.931250 0.031250 0.128125
0 0.485938 0.825000 0.012500 0.115625
0 0.227344 0.661719 0.026562 0.035937
0 0.398438 0.583594 0.031250 0.039062
0 0.450781 0.946094 0.014063 0.054688
0 0.180469 0.780469 0.039062 0.051562
