0 0.397656 0.644531 0.010937 0.035937
0 0.407031 0.544531 0.004687 0.014063
0 0.423438 0.975000 0.012500 0.043750
0 0.335938 0.687500 0.034375 0.081250
0 0.220312 0.631250 0.015625 0.012500
0 0.310937 0.874219 0.009375 0.070312
0 0.421875 0.670312 0.012500 0.034375
0 0.382812 0.810937 0.018750 0.056250
0 0.398438 0.908594 0.034375 0.117188
0 0.410938 0.614844 0.006250 0.060937
0 0.339844 0.635938 0.014063 0.025000
0 0.431250 0.804688 0.037500 0.084375
0 0.398438 0.598437 0.006250 0.031250
0 0.327344 0.800000 0.017188 0.068750
0 0.346094 0.750781 0.010937 0.054688
0 0.411719 0.572656 0.007812 0.017188
0 0.349219 0.931250 0.029687 0.134375
0 0.292187 0.760156 0.015625 0.026562
1 0.278906 0.871094 0.554688 0.079687
0 0.167187 0.659375 0.018750 0.015625
0 0.117188 0.728125 0.200000 0.162500
0 0.362500 0.614844 0.012500 0.023438
