0 0.306250 0.650000 0.025000 0.084375
0 0.402344 0.892969 0.029687 0.204687
0 0.241406 0.732812 0.020313 0.040625
0 0.333594 0.556250 0.014063 0.068750
0 0.225000 0.875781 0.043750 0.229687
0 0.296094 0.870313 0.076563 0.253125
0 0.258594 0.689063 0.042188 0.046875
0 0.167969 0.653906 0.060937 0.057813
0 0.316406 0.583594 0.017188 0.029687
0 0.282813 0.606250 0.021875 0.056250
0 0.317969 0.668750 0.076563 0.234375
0 0.397656 0.684375 0.023438 0.143750
0 0.400000 0.611719 0.021875 0.073438
0 0.136719 0.843750 0.170313 0.287500
