0 0.494531 0.810937 0.020313 0.031250
1 0.235937 0.981250 0.171875 0.037500
0 0.443750 0.659375 0.012500 0.034375
0 0.514062 0.714844 0.043750 0.104688
0 0.443750 0.554688 0.006250 0.009375
0 0.104688 0.823438 0.093750 0.128125
0 0.558594 0.962500 0.023438 0.071875
0 0.471875 0.580469 0.015625 0.023438
0 0.426563 0.780469 0.028125 0.073438
0 0.258594 0.732031 0.064062 0.064062
0 0.381250 0.889062 0.046875 0.106250
0 0.361719 0.972656 0.017188 0.048438
0 0.166406 0.714063 0.101562 0.068750
0 0.411719 0.716406 0.023438 0.054688
0 0.428125 0.628125 0.021875 0.018750
0 0.610938 0.922656 0.031250 0.035937
0 0.523438 0.852344 0.028125 0.129688
1 0.471094 0.563281 0.014063 0.010937
1 0.203906 0.879687 0.407813 0.146875
1 0.575781 0.900000 0.073438 0.015625
