0 0.326562 0.597656 0.028125 0.026562
0 0.250000 0.976562 0.034375 0.034375
2 0.437500 0.596094 0.028125 0.032813
2 0.430469 0.816406 0.110937 0.364063
1 0.250000 0.932813 0.043750 0.037500
1 0.264844 0.858594 0.039062 0.020313
1 0.374219 0.621875 0.182812 0.018750
0 0.236719 0.676562 0.089063 0.087500
0 0.291406 0.775781 0.070312 0.132812
0 0.522656 0.853906 0.035937 0.142187
0 0.361719 0.564844 0.064062 0.026562
0 0.268750 0.618750 0.028125 0.015625
0 0.396094 0.605469 0.007812 0.017188
0 0.077344 0.954688 0.126562 0.081250
0 0.200000 0.867188 0.112500 0.121875
0 0.186719 0.688281 0.110937 0.095312
0 0.401562 0.556250 0.037500 0.031250
0 0.092969 0.815625 0.185938 0.168750
