0 0.407813 0.814063 0.028125 0.084375
0 0.393750 0.675781 0.009375 0.042188
0 0.307031 0.717969 0.014063 0.035937
0 0.371875 0.591406 0.009375 0.020313
0 0.349219 0.617969 0.010937 0.017188
0 0.395313 0.555469 0.003125 0.010937
1 0.463281 0.869531 0.129688 0.070312
0 0.302344 0.946094 0.039062 0.101562
0 0.351562 0.628906 0.006250 0.007812
3 0.228906 0.889844 0.023438 0.039062
0 0.278125 0.638281 0.018750 0.026562
0 0.446875 0.693750 0.009375 0.018750
0 0.347656 0.796094 0.051562 0.154688
2 0.023438 0.853906 0.046875 0.067187
1 0.346094 0.886719 0.051562 0.029687
0 0.178906 0.757031 0.251563 0.207813
0 0.401562 0.557813 0.009375 0.012500
0 0.277344 0.785156 0.017188 0.045312
0 0.064062 0.888281 0.040625 0.048438
1 0.084375 0.889062 0.021875 0.018750
0 0.303906 0.625781 0.023438 0.017188
0 0.412500 0.696875 0.006250 0.012500
0 0.362500 0.700000 0.015625 0.028125
2 0.432031 0.735156 0.073438 0.060937
0 0.320312 0.646875 0.009375 0.015625
0 0.360156 0.591406 0.010937 0.023438
2 0.430469 0.653906 0.042188 0.064062
