0 0.428125 0.642188 0.009375 0.012500
0 0.367188 0.697656 0.018750 0.035937
0 0.520312 0.775000 0.078125 0.096875
0 0.454688 0.818750 0.050000 0.056250
0 0.052344 0.829688 0.101562 0.100000
0 0.473438 0.674219 0.031250 0.045312
0 0.482031 0.876563 0.026562 0.012500
0 0.297656 0.639062 0.029687 0.021875
1 0.313281 0.666406 0.079687 0.023438
0 0.490625 0.720313 0.015625 0.021875
0 0.354687 0.604688 0.018750 0.031250
0 0.433594 0.698438 0.035937 0.065625
0 0.419531 0.617188 0.014063 0.021875
0 0.463281 0.769531 0.023438 0.042188
1 0.271094 0.775781 0.332813 0.054688
