0 0.556250 0.877344 0.071875 0.239063
0 0.361719 0.676562 0.010937 0.018750
1 0.262500 0.915625 0.037500 0.015625
0 0.327344 0.799219 0.042188 0.045312
0 0.411719 0.675781 0.017188 0.032813
0 0.536719 0.750781 0.032813 0.076563
0 0.321094 0.593750 0.023438 0.021875
0 0.237500 0.682813 0.068750 0.068750
0 0.471875 0.967969 0.009375 0.057813
0 0.275781 0.817969 0.045312 0.067187
0 0.497656 0.721875 0.035937 0.075000
0 0.448437 0.689063 0.012500 0.031250
0 0.278906 0.692187 0.054688 0.062500
0 0.460156 0.903906 0.010937 0.039062
0 0.504687 0.887500 0.015625 0.040625
0 0.257812 0.746094 0.028125 0.051562
0 0.389844 0.651563 0.023438 0.040625
0 0.424219 0.619531 0.020313 0.039062
0 0.266406 0.607812 0.017188 0.012500
0 0.206250 0.664844 0.112500 0.095312
2 0.302344 0.581250 0.032813 0.028125
0 0.334375 0.605469 0.006250 0.017188
0 0.245312 0.614844 0.053125 0.039062
0 0.603125 0.919531 0.075000 0.148438
0 0.441406 0.890625 0.023438 0.212500
0 0.075000 0.782813 0.150000 0.153125
