0 0.336719 0.734375 0.045312 0.109375
1 0.242969 0.804688 0.139063 0.025000
0 0.458594 0.619531 0.007812 0.020313
0 0.464062 0.649219 0.006250 0.020313
0 0.494531 0.742188 0.039062 0.140625
0 0.447656 0.850781 0.039062 0.085938
2 0.346094 0.818750 0.076563 0.075000
1 0.268750 0.854688 0.100000 0.062500
0 0.453125 0.591406 0.006250 0.017188
0 0.526563 0.889062 0.065625 0.165625
0 0.410156 0.939844 0.023438 0.117188
0 0.439844 0.938281 0.032813 0.104688
0 0.401562 0.700781 0.025000 0.142187
1 0.396875 0.857031 0.031250 0.032813
