0 0.448437 0.678125 0.028125 0.031250
0 0.351562 0.557813 0.003125 0.009375
1 0.435156 0.700000 0.048438 0.006250
0 0.349219 0.613281 0.007812 0.023438
0 0.368750 0.557813 0.009375 0.018750
1 0.355469 0.579688 0.026562 0.006250
0 0.461719 0.733594 0.067187 0.123438
1 0.346094 0.568750 0.010937 0.012500
0 0.425781 0.616406 0.032813 0.023438
1 0.394531 0.632031 0.107813 0.023438
0 0.328906 0.674219 0.014063 0.035937
0 0.434375 0.650781 0.018750 0.020313
1 0.420312 0.587500 0.015625 0.003125
1 0.539062 0.967969 0.043750 0.014063
0 0.062500 0.815625 0.125000 0.128125
1 0.403125 0.572656 0.043750 0.014063
0 0.321875 0.567187 0.009375 0.025000
0 0.404687 0.603906 0.006250 0.017188
1 0.421094 0.594531 0.020313 0.004687
1 0.366406 0.803125 0.029687 0.009375
0 0.497656 0.893750 0.045312 0.209375
