0 0.222656 0.636719 0.064062 0.101562
0 0.185938 0.760156 0.046875 0.057813
0 0.369531 0.675000 0.014063 0.034375
0 0.160156 0.721875 0.045312 0.046875
0 0.185938 0.889844 0.021875 0.045312
0 0.286719 0.544531 0.007812 0.026562
0 0.254688 0.707031 0.006250 0.020313
0 0.050781 0.883594 0.101562 0.126562
0 0.153906 0.853125 0.017188 0.040625
0 0.185156 0.808594 0.035937 0.067187
0 0.242969 0.915625 0.020313 0.162500
1 0.107813 0.707031 0.162500 0.032813
0 0.090625 0.853906 0.046875 0.067187
0 0.332813 0.657031 0.021875 0.073438
1 0.253125 0.693750 0.131250 0.009375
0 0.116406 0.800000 0.032813 0.040625
0 0.135937 0.761719 0.012500 0.032813
0 0.320312 0.844531 0.028125 0.301563
0 0.274219 0.595313 0.023438 0.075000
0 0.227344 0.714063 0.014063 0.031250
0 0.097656 0.934375 0.076563 0.125000
0 0.246875 0.568750 0.021875 0.028125
2 0.249219 0.663281 0.029687 0.057813
