0 0.392188 0.880469 0.015625 0.095312
0 0.292187 0.851562 0.034375 0.134375
0 0.288281 0.735156 0.032813 0.079687
0 0.250781 0.851562 0.010937 0.068750
0 0.390625 0.705469 0.021875 0.060937
1 0.219531 0.707031 0.148438 0.035937
0 0.375781 0.978125 0.048438 0.037500
0 0.101562 0.753906 0.068750 0.060937
0 0.237500 0.759375 0.050000 0.096875
0 0.364063 0.769531 0.015625 0.120313
0 0.120313 0.785156 0.053125 0.073438
0 0.053125 0.845313 0.090625 0.081250
2 0.414844 0.609375 0.054688 0.100000
0 0.310937 0.944531 0.103125 0.104688
1 0.383594 0.684375 0.207813 0.040625
2 0.489844 0.915625 0.157812 0.165625
