0 0.435937 0.935156 0.034375 0.123438
0 0.499219 0.889062 0.039062 0.215625
0 0.476562 0.546094 0.015625 0.014063
0 0.059375 0.802344 0.112500 0.089063
0 0.443750 0.553125 0.046875 0.028125
0 0.339062 0.677344 0.100000 0.098437
0 0.389062 0.576562 0.056250 0.046875
0 0.449219 0.670312 0.020313 0.046875
0 0.347656 0.614844 0.023438 0.026562
0 0.408594 0.602344 0.017188 0.029687
2 0.445312 0.610938 0.040625 0.068750
0 0.157031 0.760938 0.082812 0.075000
0 0.059375 0.858594 0.112500 0.126562
0 0.299219 0.599219 0.051562 0.067187
