0 0.435937 0.642969 0.009375 0.035937
0 0.382812 0.592969 0.006250 0.017188
0 0.375000 0.953906 0.025000 0.092188
0 0.185156 0.829688 0.229687 0.337500
0 0.420312 0.571094 0.006250 0.023438
0 0.398438 0.847656 0.028125 0.304688
0 0.442969 0.861719 0.020313 0.120313
0 0.396875 0.630469 0.028125 0.064062
0 0.422656 0.617188 0.017188 0.062500
0 0.364063 0.679688 0.028125 0.171875
0 0.437500 0.703906 0.015625 0.045312
0 0.464844 0.771875 0.010937 0.096875
0 0.347656 0.795312 0.054688 0.218750
0 0.170313 0.750000 0.028125 0.034375
0 0.242188 0.657813 0.153125 0.134375
