0 0.245312 0.983594 0.009375 0.026562
0 0.082031 0.762500 0.123438 0.106250
0 0.309375 0.778906 0.100000 0.185938
0 0.290625 0.925000 0.056250 0.112500
0 0.367188 0.622656 0.053125 0.073438
0 0.513281 0.735938 0.048438 0.075000
0 0.331250 0.564844 0.025000 0.026562
0 0.422656 0.585156 0.010937 0.020313
1 0.448437 0.617969 0.028125 0.014063
0 0.166406 0.741406 0.023438 0.035937
0 0.286719 0.610938 0.064062 0.068750
0 0.369531 0.571875 0.017188 0.028125
0 0.328125 0.616406 0.021875 0.042188
1 0.374219 0.675000 0.057813 0.037500
0 0.262500 0.653125 0.081250 0.056250
1 0.398438 0.634375 0.065625 0.025000
0 0.405469 0.846094 0.035937 0.301563
0 0.159375 0.929688 0.078125 0.134375
0 0.198437 0.703125 0.046875 0.043750
0 0.214844 0.817969 0.042188 0.067187
1 0.217188 0.744531 0.071875 0.042188
0 0.410938 0.608594 0.012500 0.026562
0 0.460156 0.821875 0.073438 0.350000
1 0.203125 0.689063 0.275000 0.075000
0 0.432812 0.612500 0.006250 0.034375
0 0.398438 0.584375 0.012500 0.009375
