1 0.446094 0.764062 0.060937 0.075000
2 0.348438 0.664844 0.068750 0.095312
0 0.226562 0.553125 0.015625 0.009375
1 0.283594 0.571094 0.035937 0.007812
2 0.241406 0.578125 0.048438 0.031250
0 0.303906 0.807813 0.032813 0.106250
1 0.245312 0.703906 0.096875 0.042188
1 0.233594 0.653906 0.057813 0.014063
0 0.154688 0.666406 0.100000 0.101562
1 0.376563 0.708594 0.153125 0.051562
0 0.369531 0.821094 0.039062 0.076563
1 0.342187 0.591406 0.018750 0.014063
1 0.153125 0.783594 0.300000 0.101562
0 0.182812 0.925781 0.075000 0.148438
0 0.406250 0.923438 0.031250 0.150000
