0 0.289062 0.610156 0.043750 0.039062
0 0.256250 0.641406 0.046875 0.032813
0 0.394531 0.635938 0.020313 0.053125
0 0.191406 0.694531 0.079687 0.079687
0 0.239063 0.792969 0.156250 0.289062
0 0.292969 0.638281 0.004687 0.014063
0 0.410156 0.554688 0.007812 0.012500
0 0.355469 0.589063 0.017188 0.018750
0 0.426563 0.611719 0.006250 0.014063
0 0.409375 0.577344 0.009375 0.020313
0 0.326562 0.575000 0.034375 0.031250
0 0.335156 0.552344 0.039062 0.017188
3 0.470313 0.657031 0.021875 0.026562
0 0.270313 0.593750 0.015625 0.018750
0 0.337500 0.607812 0.006250 0.012500
0 0.375781 0.559375 0.007812 0.009375
