1 0.354687 0.568750 0.034375 0.015625
0 0.445312 0.690625 0.034375 0.050000
0 0.134375 0.896094 0.131250 0.198437
1 0.296094 0.635156 0.079687 0.007812
0 0.239063 0.647656 0.043750 0.042188
0 0.107813 0.796875 0.215625 0.256250
0 0.426563 0.745313 0.053125 0.112500
0 0.226562 0.781250 0.071875 0.134375
0 0.218750 0.885938 0.103125 0.225000
0 0.280469 0.896875 0.073438 0.196875
0 0.478125 0.921094 0.031250 0.151562
0 0.304688 0.751563 0.050000 0.140625
1 0.244531 0.678125 0.157812 0.034375
0 0.408594 0.586719 0.045312 0.057813
0 0.332031 0.663281 0.023438 0.054688
1 0.296094 0.648438 0.095312 0.009375
0 0.267969 0.739062 0.060937 0.115625
1 0.313281 0.616406 0.082812 0.010937
1 0.394531 0.632812 0.064062 0.021875
0 0.478906 0.825781 0.035937 0.135937
