0 0.445312 0.586719 0.025000 0.092188
0 0.459375 0.757812 0.025000 0.125000
2 0.340625 0.725000 0.056250 0.156250
1 0.428125 0.645312 0.043750 0.025000
0 0.465625 0.910937 0.078125 0.178125
1 0.378125 0.857031 0.050000 0.051562
0 0.406250 0.603125 0.009375 0.037500
3 0.303125 0.611719 0.009375 0.007812
0 0.317188 0.599219 0.018750 0.017188
0 0.462500 0.664062 0.025000 0.059375
0 0.455469 0.532031 0.039062 0.042188
0 0.457031 0.542969 0.007812 0.023438
0 0.442188 0.758594 0.025000 0.110937
2 0.234375 0.902344 0.243750 0.189062
