0 0.428906 0.583594 0.007812 0.014063
1 0.371875 0.519531 0.031250 0.020313
0 0.183594 0.678906 0.057813 0.067187
0 0.284375 0.811719 0.037500 0.079687
0 0.404687 0.560937 0.015625 0.043750
0 0.390625 0.591406 0.015625 0.035937
2 0.258594 0.607812 0.089063 0.093750
0 0.078906 0.783594 0.148438 0.139063
0 0.155469 0.907031 0.167187 0.176563
1 0.340625 0.539062 0.031250 0.015625
0 0.328906 0.564844 0.010937 0.014063
0 0.310156 0.558594 0.014063 0.014063
0 0.071094 0.739844 0.142187 0.132812
2 0.478906 0.796875 0.148438 0.393750
