0 0.260937 0.635938 0.050000 0.043750
0 0.461719 0.653125 0.007812 0.015625
0 0.574219 0.878906 0.070312 0.110937
2 0.400000 0.555469 0.018750 0.042188
0 0.440625 0.757812 0.065625 0.346875
0 0.373437 0.558594 0.006250 0.014063
0 0.346094 0.555469 0.039062 0.039062
0 0.442969 0.644531 0.020313 0.020313
0 0.397656 0.735938 0.023438 0.218750
0 0.418750 0.555469 0.012500 0.035937
0 0.338281 0.603906 0.020313 0.032813
0 0.296875 0.604688 0.034375 0.031250
0 0.519531 0.828125 0.057813 0.193750
1 0.277344 0.689844 0.160938 0.029687
