0 0.437500 0.737500 0.028125 0.053125
0 0.167187 0.708594 0.043750 0.035937
0 0.347656 0.623437 0.007812 0.018750
0 0.317188 0.602344 0.021875 0.039062
0 0.503906 0.878125 0.092188 0.240625
1 0.352344 0.582812 0.057813 0.015625
1 0.221875 0.680469 0.068750 0.020313
0 0.400000 0.604688 0.006250 0.028125
0 0.364844 0.627344 0.014063 0.073438
0 0.412500 0.878906 0.028125 0.242188
1 0.245312 0.634375 0.021875 0.012500
2 0.410938 0.656250 0.071875 0.103125
0 0.213281 0.655469 0.042188 0.035937
0 0.313281 0.575000 0.029687 0.021875
1 0.453125 0.663281 0.031250 0.020313
0 0.531250 0.850781 0.046875 0.060937
0 0.406250 0.568750 0.006250 0.018750
0 0.420312 0.591406 0.003125 0.007812
0 0.316406 0.931250 0.023438 0.131250
0 0.303906 0.788281 0.048438 0.235937
0 0.409375 0.727344 0.012500 0.039062
0 0.464844 0.738281 0.026562 0.054688
0 0.262500 0.625781 0.015625 0.020313
0 0.501563 0.773438 0.084375 0.140625
0 0.178125 0.841406 0.212500 0.307812
0 0.413281 0.603906 0.004687 0.023438
0 0.379688 0.608594 0.012500 0.029687
0 0.395313 0.572656 0.009375 0.014063
0 0.262500 0.828906 0.012500 0.054688
